service_id,monday,tuesday,wednesday,thursday,friday,saturday,sunday,start_date,end_date
GCLR 25_26-39424,0,0,0,0,1,0,0,20250815,20251003
GCLR 25_26-39425,1,1,1,1,0,0,0,20250811,20251008
GCLR 25_26-39426,0,0,0,0,0,1,0,20250809,20251004
GCLR 25_26-39427,0,0,0,0,0,0,1,20250810,20251005
BT 25_26-40393,1,1,1,1,1,0,0,20250825,20251008
BT 25_26-40393-0000100,0,0,0,0,1,0,0,20250825,20251008
BT 25_26-40393-1000000,1,0,0,0,0,0,0,20250825,20251008
BT 25_26-40393-0111100,0,1,1,1,1,0,0,20250825,20251008
BT 25_26-40393-1111000,1,1,1,1,0,0,0,20250825,20251008
BT 25_26-40391,0,0,0,0,0,1,0,20250830,20251004
BT 25_26-40392,0,0,0,0,0,0,1,20250831,20251005
BT 25_26-40394,1,1,1,1,1,0,0,20250922,20250926
BT 25_26-40394-0000100,0,0,0,0,1,0,0,20250922,20250926
BT 25_26-40394-1111000,1,1,1,1,0,0,0,20250922,20250926
BT 25_26-40399,0,0,0,0,0,0,1,20251006,20251006
BT 25_26-40402,1,1,1,1,1,0,0,20250929,20251003
BT 25_26-40402-0000100,0,0,0,0,1,0,0,20250929,20251003
BT 25_26-40402-1111000,1,1,1,1,0,0,0,20250929,20251003
BBL 25_26-39417,1,1,1,1,1,0,0,20250811,20251008
BCC 25_26-39837,0,0,0,0,1,0,0,20250815,20251003
BCC 25_26-39840,1,1,1,1,0,0,0,20250811,20251008
BCC 25_26-39838,0,0,0,0,0,1,0,20250830,20251004
BCC 25_26-40030,0,0,0,0,0,1,0,20250809,20250823
BCC 25_26-39839,0,0,0,0,0,0,1,20250831,20251006
BCC 25_26-40029,0,0,0,0,0,0,1,20250810,20250824
CBL 25_26-39443,1,1,1,1,1,0,0,20250812,20251008
CBL 25_26-39443-0001000,0,0,0,1,0,0,0,20250812,20251008
CBL 25_26-39442,1,1,1,1,1,0,0,20250922,20251003
CBL 25_26-39442-0001000,0,0,0,1,0,0,0,20250922,20251003
CBL 25_26-39447,0,0,0,0,1,0,0,20250905,20250905
CBL 25_26-39441,1,0,0,0,0,0,0,20250811,20250811
CBL 25_26-39446,0,0,0,0,0,1,0,20250809,20251004
CBL 25_26-39444,0,0,0,0,0,0,1,20250810,20251006
CDC 25_26-40379,1,1,1,1,1,0,0,20250811,20251008
ATS_TBS 25-38421,1,1,1,1,1,0,0,20250908,20250909
ATS_TBS 25-38498,1,1,1,1,1,0,0,20250903,20250903
ATS_TBS 25-40381,0,0,0,0,0,1,0,20250823,20250823
ATS_TBS 25-40380,0,0,0,0,0,0,1,20250824,20250824
ATS_TBS 25-38494,0,0,0,0,0,0,1,20250831,20250907
BT 25_26-40365,0,0,0,0,0,0,1,20250813,20250813
QR 25_26-40331,0,0,0,0,1,0,0,20250815,20250815
QR 25_26-40328,1,1,1,1,0,0,0,20250811,20250811
QR 25_26-40326,0,0,0,0,0,1,0,20250809,20250809
QR 25_26-40312,0,0,0,0,0,0,1,20250813,20250813
QR 25_26-40327,0,0,0,0,0,0,1,20250810,20250810
QR 25_26-40330,1,1,1,1,0,0,0,20250814,20250814
QR 25_26-40329,1,1,1,1,0,0,0,20250812,20250812
LCBS 25_26-40191,0,0,0,0,1,0,0,20250815,20250815
LCBS 25_26-40192,1,1,1,1,1,1,1,20250811,20250811
LCBS 25_26-40192-1111111,1,1,1,1,1,1,1,20250811,20250811
KBL 25_26-39804,1,1,1,1,1,1,1,20250811,20250811
LCBS 25_26-40195,0,0,0,1,0,0,0,20250814,20250814
LCBS 25_26-40194,0,1,0,0,0,0,0,20250812,20250812
LCBS 25_26-40193,1,1,1,1,1,1,1,20250813,20250813
LCBS 25_26-40193-1111111,1,1,1,1,1,1,1,20250813,20250813
EVENT25_26-40332,1,1,1,1,1,0,0,20250811,20250815
EVENT25_26-40334,1,1,1,1,1,1,1,20250813,20250813
EVENT25_26-40333,0,0,0,0,0,1,1,20250809,20250817
ATS_MGB 25-38560,1,1,1,1,1,0,0,20250910,20250910
HBL 25_26-40301,0,0,0,1,0,0,0,20250814,20250814
HBL 25_26-40300,0,0,1,0,0,0,0,20250813,20250813
HBL 25_26-40302,1,0,0,0,0,0,0,20250811,20250811
HBL 25_26-40303,0,1,0,0,0,0,0,20250812,20250812
HBL 25_26-40304,1,1,1,1,0,0,0,20250818,20251008
HBL 25_26-40103,0,0,0,0,1,0,0,20250815,20250919
HBL 25_26-40110,0,0,0,0,1,0,0,20250905,20251003
HBL 25_26-40305,1,1,1,1,0,0,0,20250922,20251002
HBL 25_26-40105,0,0,0,0,0,1,0,20250809,20251004
HBL 25_26-40107,0,0,0,0,0,0,1,20250810,20251005
HBL 25_26-40108,0,0,0,0,0,0,1,20251006,20251006
MET 25_26-39105,1,1,1,1,1,0,0,20250811,20251008
MET 25_26-39105-0000100,0,0,0,0,1,0,0,20250811,20251008
BT 25_26-40237,1,1,1,1,1,0,0,20250818,20250821
BT 25_26-40237-0000100,0,0,0,0,1,0,0,20250818,20250821
BT 25_26-40237-1000000,1,0,0,0,0,0,0,20250818,20250821
BT 25_26-40237-0111100,0,1,1,1,1,0,0,20250818,20250821
BT 25_26-40237-1111000,1,1,1,1,0,0,0,20250818,20250821
MET 25_26-39106,0,0,0,0,0,1,0,20250830,20251004
MET 25_26-39107,0,0,0,0,0,0,1,20250831,20251005
BT 25_26-40240,1,1,1,1,1,0,0,20250811,20250814
BT 25_26-40240-0000100,0,0,0,0,1,0,0,20250811,20250814
BT 25_26-40240-1000000,1,0,0,0,0,0,0,20250811,20250814
BT 25_26-40240-0111100,0,1,1,1,1,0,0,20250811,20250814
BT 25_26-40240-1111000,1,1,1,1,0,0,0,20250811,20250814
MET 25_26-39109,0,0,0,0,0,0,1,20250813,20251006
KBL 25_26-40229,1,1,1,1,1,0,0,20250812,20251008
KBL 25_26-39808,1,1,1,1,1,0,0,20250905,20251003
KBL 25_26-39806,0,0,0,0,0,1,0,20250809,20251004
KBL 25_26-39805,0,0,0,0,0,0,1,20250810,20251006
LCBS 25_26-40407,1,1,1,1,1,0,0,20250818,20251008
LCBS 25_26-40407-0000100,0,0,0,0,1,0,0,20250818,20251008
LCBS 25_26-40407-0001000,0,0,0,1,0,0,0,20250818,20251008
LCBS 25_26-40408,1,1,1,1,1,0,0,20250905,20251003
LCBS 25_26-40408-0001000,0,0,0,1,0,0,0,20250905,20251003
LCBS 25_26-40408-0000100,0,0,0,0,1,0,0,20250905,20251003
LCBS 25_26-40409,0,0,0,0,0,0,1,20251006,20251006
LCBS 25_26-40140,0,0,0,0,0,1,0,20250809,20250816
LCBS 25_26-40410,0,0,0,0,0,1,0,20250823,20251004
LCBS 25_26-40142,0,0,0,0,0,0,1,20250810,20250817
LCBS 25_26-40412,0,0,0,0,0,0,1,20250824,20251005
LOGC 25_26-39704,1,1,1,1,1,0,0,20250812,20251008
LOGC 25_26-39705,0,0,0,0,0,1,0,20250809,20251004
LOGC 25_26-39706,0,0,0,0,0,0,1,20250810,20251006
LVB 25_26-39643,0,0,0,0,0,1,0,20251004,20251004
LVB 25_26-39646,0,0,0,0,0,1,0,20250809,20250927
LVB 25_26-39644,0,0,0,0,0,0,1,20251005,20251006
LVB 25_26-39647,0,0,0,0,0,0,1,20250810,20250928
LVB 25_26-39645,1,1,1,1,1,0,0,20250929,20251008
LVB 25_26-39642,1,1,1,1,1,0,0,20250811,20250926
MGB 25_26-39943,1,1,1,1,1,0,0,20250811,20251008
MGB 25_26-39941,1,1,1,1,1,0,0,20250905,20251003
MGB 25_26-39940,0,0,0,0,0,1,0,20250809,20251004
MGB 25_26-39942,0,0,0,0,0,0,1,20250810,20251005
QR 25_26-40267,1,1,1,1,0,0,0,20250901,20251008
QR 25_26-40266,1,1,1,1,0,0,0,20250818,20250828
QR 25_26-40269,0,0,0,0,0,1,0,20250830,20251004
QR 25_26-40265,0,0,0,0,1,0,0,20250822,20251003
QR 25_26-40270,0,0,0,0,0,0,1,20250831,20251005
QR 25_26-40272,0,0,0,0,0,0,1,20251006,20251006
PRT 25_26-40148,0,0,0,0,1,0,0,20250815,20250815
PRT 25_26-39961,1,1,1,1,1,1,1,20250811,20250811
PRT 25_26-39961-1111111,1,1,1,1,1,1,1,20250811,20250811
PRT 25_26-40146,0,0,0,1,0,0,0,20250814,20250814
PRT 25_26-40144,0,1,0,0,0,0,0,20250812,20250812
PRT 25_26-39957,0,0,1,0,0,0,0,20250813,20250813
PRT 25_26-40314,1,1,1,1,1,0,0,20250818,20251008
PRT 25_26-40313,1,1,1,1,1,0,0,20250922,20251003
PRT 25_26-39962,0,0,0,0,0,1,0,20250809,20250816
PRT 25_26-40318,0,0,0,0,0,1,0,20250823,20251004
PRT 25_26-40320,1,1,1,1,1,0,0,20250905,20250905
PRT 25_26-39964,0,0,0,0,0,0,1,20250810,20250817
PRT 25_26-40321,0,0,0,0,0,0,1,20250824,20251005
PRT 25_26-40319,1,1,1,1,1,1,1,20251006,20251006
PRT 25_26-40319-1111111,1,1,1,1,1,1,1,20251006,20251006
MET 25_26-39983,1,1,1,1,1,0,0,20250815,20250822
MET 25_26-39983-0000100,0,0,0,0,1,0,0,20250815,20250822
MET 25_26-39981,0,0,0,0,0,1,0,20250809,20250823
MET 25_26-39982,0,0,0,0,0,0,1,20250810,20250824
SBL 25_26-39459,1,1,1,1,1,0,0,20250905,20251003
SBL 25_26-39459-1111000,1,1,1,1,0,0,0,20250905,20251003
SBL 25_26-39459-0000100,0,0,0,0,1,0,0,20250905,20251003
SBL 25_26-39458,1,1,1,1,1,0,0,20250901,20251008
SBL 25_26-39458-0000100,0,0,0,0,1,0,0,20250901,20251008
SBL 25_26-39458-1111000,1,1,1,1,0,0,0,20250901,20251008
SBL 25_26-39719,1,1,1,1,1,0,0,20250811,20250828
SBL 25_26-39719-0000100,0,0,0,0,1,0,0,20250811,20250828
SBL 25_26-39719-1111000,1,1,1,1,0,0,0,20250811,20250828
SBL 25_26-39460,0,0,0,0,0,1,0,20250906,20251004
SBL 25_26-39667,0,0,0,0,0,1,0,20250809,20250830
SBL 25_26-40363,0,0,0,0,0,0,1,20250829,20250829
SBL 25_26-39457,0,0,0,0,0,0,1,20250907,20251006
SBL 25_26-39666,0,0,0,0,0,0,1,20250810,20250831
ATS_HBL 25-40258,1,1,1,1,0,0,0,20250901,20250904
BITS 25_26-39731,0,0,0,0,0,1,0,20250809,20251004
BITS 25_26-39729,0,0,0,0,0,0,1,20250810,20251006
BITS 25_26-39730,1,1,1,1,1,0,0,20250811,20251008
SUN 25_26-40129,1,1,1,1,1,0,0,20250905,20251003
SUN 25_26-40129-0010000,0,0,1,0,0,0,0,20250905,20251003
SUN 25_26-40129-0000100,0,0,0,0,1,0,0,20250905,20251003
SUN 25_26-40129-1111000,1,1,1,1,0,0,0,20250905,20251003
SUN 25_26-40129-1110100,1,1,1,0,1,0,0,20250905,20251003
SUN 25_26-40129-0001000,0,0,0,1,0,0,0,20250905,20251003
SUN 25_26-40128,1,1,1,1,1,0,0,20250811,20251008
SUN 25_26-40128-0010000,0,0,1,0,0,0,0,20250811,20251008
SUN 25_26-40128-0000100,0,0,0,0,1,0,0,20250811,20251008
SUN 25_26-40128-1111000,1,1,1,1,0,0,0,20250811,20251008
SUN 25_26-40128-1110100,1,1,1,0,1,0,0,20250811,20251008
SUN 25_26-40128-0001000,0,0,0,1,0,0,0,20250811,20251008
SUN 25_26-40127,0,0,0,0,0,1,0,20250809,20251004
SUN 25_26-40126,0,0,0,0,0,0,1,20250810,20251005
SUN 25_26-40125,0,0,0,0,0,0,1,20251006,20251006
BT 25_26-40249,0,0,0,0,0,1,0,20250809,20250823
BT 25_26-40250,0,0,0,0,0,0,1,20250810,20250824
BT 25_26-40247,1,1,1,1,1,0,0,20250822,20250822
BT 25_26-40247-0000100,0,0,0,0,1,0,0,20250822,20250822
BT 25_26-40247-1000000,1,0,0,0,0,0,0,20250822,20250822
BT 25_26-40247-0111100,0,1,1,1,1,0,0,20250822,20250822
BT 25_26-40247-1111000,1,1,1,1,0,0,0,20250822,20250822
BT 25_26-40248,1,1,1,1,1,0,0,20250815,20250815
BT 25_26-40248-0000100,0,0,0,0,1,0,0,20250815,20250815
BT 25_26-40248-1000000,1,0,0,0,0,0,0,20250815,20250815
BT 25_26-40248-0111100,0,1,1,1,1,0,0,20250815,20250815
BT 25_26-40248-1111000,1,1,1,1,0,0,0,20250815,20250815
TBS 25_26-40358,1,1,1,1,1,1,1,20250811,20250811
TBS 25_26-40358-1111111,1,1,1,1,1,1,1,20250811,20250811
TBS 25_26-39629,0,0,1,0,0,0,0,20250813,20250813
TBS 25_26-39624,1,1,1,1,1,0,0,20250812,20251008
TBS 25_26-39625,1,1,1,1,1,0,0,20250905,20251003
TBS 25_26-39626,0,0,0,0,0,1,0,20250809,20251004
TBS 25_26-39627,0,0,0,0,0,0,1,20250810,20251006
QR 25_26-40371,0,0,0,0,0,1,0,20250816,20250816
QR 25_26-40372,0,0,0,0,0,0,1,20250817,20250817
QR 25_26-40223,0,0,0,0,0,1,0,20250823,20250823
QR 25_26-40224,0,0,0,0,0,0,1,20250824,20250824
QR 25_26-40403,0,0,0,0,0,1,0,20250906,20250906
QR 25_26-40404,0,0,0,0,0,0,1,20250907,20250907
TDEV 25_26-40348,0,0,0,0,1,0,0,20250815,20250815
TDEV 25_26-40349,1,1,1,1,1,1,1,20250811,20250811
TDEV 25_26-40349-1111111,1,1,1,1,1,1,1,20250811,20250811
TDEV 25_26-40345,0,1,0,0,0,0,0,20250812,20250812
TDEV 25_26-40346,0,0,1,0,0,0,0,20250813,20250813
TDEV 25_26-40347,0,0,0,1,0,0,0,20250814,20250814
TDEV 25_26-40389,1,1,1,1,1,0,0,20250818,20251008
TDEV 25_26-40385,1,1,1,1,1,0,0,20250905,20251003
TDEV 25_26-40384,1,1,1,1,1,1,1,20251006,20251006
TDEV 25_26-40384-1111111,1,1,1,1,1,1,1,20251006,20251006
TDEV 25_26-39947,0,0,0,0,0,1,0,20250809,20250816
TDEV 25_26-40386,0,0,0,0,0,1,0,20250823,20251004
TDEV 25_26-39949,0,0,0,0,0,0,1,20250810,20250817
TDEV 25_26-40387,0,0,0,0,0,0,1,20250824,20251005
WBS 25_26-40354,1,1,1,1,1,1,1,20250813,20250813
WBS 25_26-40354-1111111,1,1,1,1,1,1,1,20250813,20250813
WBS 25_26-40197,1,1,1,1,1,0,0,20250811,20251008
WBS 25_26-39620,1,1,1,1,1,0,0,20250905,20251003
WBS 25_26-39618,0,0,0,0,0,1,0,20250809,20251004
WBS 25_26-39617,0,0,0,0,0,0,1,20250810,20251005
WBS 25_26-39621,1,1,1,1,1,1,1,20251006,20251006
WBS 25_26-39621-1111111,1,1,1,1,1,1,1,20251006,20251006
